3e395c6b799d3d8cb7cd501b4503b536
405,394,429,404,397,411,412,455,481,426,398,383,469,538,503,458,456,413,416,408,371,378,337,313,353,362,368,357,353,342,402,359,344,347,364,364,369,588,587,525,401,470,493,384,374,370,331,330,363,401,401,439,433,384,371,355,429,409,386,367,367,333,309,391,344,355,331,346,321,318,370,353,352,511,573,498,391,424,373,377,362,377,386,373,383,315,349,314,367,334,325,376,301,338,342,355,327,348,372,328,440,553,568,491,399,422,438,461,406,522,590,385,359,327,313,307,332,348,359,377,356,350,480,612,586,590,654,455,448,447,403,416,399,478,684,647,521,437,436,417,454,402,357,370,385,372,344,400,360,380,366,368,373,352,409,389,358,408,353,340,789,687,526,523,472,469,429,412,422,399,366,392,399,354,369,437,415,406,346,408,407,372,402
67ed1f7f1374e64a93bfca4b44f66dd6
114,186,245,559,598,528,506,464,463,464,380,417,517,681,649,559,452,431,459,410,431,507,466,458,723,689,585,546,622,546,695,790,757,717,632,593,927,871,739,632,557,570,531,692,680,600,643,605,622,695,682,632,671,629,646,650,629,625,652,643,671,616,555,627,663,814,935,1130,1103,896,810,737,778,838,885,811,704,758,784,787,4406,5189,4369,4139,3699,3650,3415,3364,3388,3564,3311,2836,2808,3041,3277,3710,3371,2648,2526,2896,3110,2882,2619,2412,2154,2276,2283,2293,2162,2202,2226,2000,1928,2076,2041,2021,2041,2046,1955,1900,2090,2055,2031,1980,2274,2217,2041,2278,2424,2233,2048,2048,1762,2214,2431,2368,2164,1969,2057,2026,2162,2301,2044,2077,2175,2066,1913,1902,2112,2094,2104,2102,2012,2141,2136,2089,1896,1945,1938,1947,1965,1983,2030,1969,1928,1943,2015,1824,1842,2047,2086,1994,1962,1934,1802,1832,2035,1940,1887,1910,1893,1830,1770
03c6699ea836decbc5c8fc2dbae7bd3b
184,138,130,2181,2537,1012,765,706,709,841,1594,1632,964,553,620,689,746,912,948,865,776,837,802,593,1320,1844,1631,1028,965,1080,997,811,707,753,836,712,724,701,820,638,542,543,506,690,571,481,479,422,407,403,366,366,369,361,321,354,377,361,386,387,402,329,306,294,381,335,372,379,312,355,331,307,322,294,334,306,313,309,281,320,278,299,277,292,332,334,272,293,265,266,266,325,294,276,280,261,288,311,274,294,276,279,300,277,244,269,256,305,324,319,327,314,259,282,271,258,334,319,307,292,269,252,268,268,266,276,249,238,253,292,304,261,267,288,226,243,245,276,234,211,227,268,264,238,221,214,214,224,197,281,231,274,222,331,321,270,246,268,220,229,225,239,299,296,354,478,380,273,386,530,350,244,225,232,217,210,215,227,227,228,223,211,214
5e7aa23d0b0e2a43bfd8bdaa9328fc54
233,255,287,301,271,284,301,279,264,273,274,257,260,262,272,266,283,291,309,316,331,285,297,301,314,318,300,311,351,388,402,422,372,390,348,369,379,400,370,388,374,375,363,414,439,466,487,474,459,441,460,476,429,458,439,448,429,415,478,432,446,462,369,409,418,415,450,450,417,446,463,434,433,440,421,463,410,439,436,433,464,434,437,412,396,496,414,471,489,421,425,432,462,434,411,435,421,435,404,481,463,463,464,441,439,445,428,446,440,455,503,393,362,446,471,458,429,464,463,474,458,473,529,499,479,484,495,511,505,530,538,553,506,517,543,506,544,535,526,525,526,515,545,542,502,569,590,563,583,575,592,553,535,530,515,526,539,628,720,644,737,644,661,594,534,584,660,673,650,672,650,593,534,595,548,517,634,571,622,605,541,546,547
8fb3cef29f2c266af4c9ecef3b780e97
298,271,291,304,294,325,277,289,323,306,319,362,410,352,316,374,333,379,387,425,460,421,348,373,438,402,418,390,399,427,453,435,450,483,457,435,448,454,423,412,435,364,437,410,443,449,437,437,440,426,418,437,435,414,459,405,441,450,468,431,463,466,529,551,552,483,531,492,514,464,458,433,501,507,481,485,449,494,459,502,476,488,519,455,493,512,538,500,489,496,438,450,493,493,501,467,488,441,458,468,507,490,509,478,436,447,483,477,473,439,449,426,458,535,467,453,472,436,417,424,446,461,438,454,393,399,416,427,436,434,823,954,859,851,890,774,660,631,572,486,507,538,537,537,496,854,1791,2040,2165,2037,1958,1907,1936,1962,1871,2452,2330,2041,1991,1960,1760,1764,1768,1753,1733,1652,1673,1440,1445,1557,1505,1446,1474,1457,1324,1311,1311,1239,1341,1337,1344,1264,1301
be0c7a23c2aa9afb45163995b9ec938c
150,183,208,204,206,188,196,184,197,174,220,183,196,215,214,193,194,195,239,206,216,223,192,235,195,208,206,217,221,215,264,289,264,264,260,218,261,264,241,271,283,261,240,282,252,270,298,331,266,298,290,269,273,263,304,273,274,276,310,257,277,275,227,243,236,461,504,477,439,332,354,326,360,352,367,384,389,364,344,334,332,334,309,336,344,301,311,356,303,321,331,327,323,325,334,310,673,834,760,708,508,490,505,445,439,454,442,434,431,431,454,377,340,394,399,379,407,409,353,386,385,384,400,405,376,341,333,374,353,396,392,397,338,324,339,355,354,356,356,330,323,343,334,323,363,356,338,317,378,344,381,375,362,334,357,355,369,347,359,329,321,328,351,374,378,351,448,394,351,445,388,421,377,414,360,358,373,352,395,416,367,313,365
4b8eb68442432c242e9242be040bacf9
593,598,698,724,705,762,688,781,721,715,647,757,717,757,765,754,740,741,712,889,1099,1020,909,961,928,1006,1094,1068,1067,979,992,994,1016,1013,1011,1021,1026,937,898,991,959,1140,1315,897,961,899,978,874,898,912,930,1000,940,1024,941,911,937,881,848,882,998,839,807,897,830,865,867,936,828,862,909,785,929,878,943,842,989,1552,1408,1297,1221,1481,1262,1181,1206,1122,1186,1093,1247,1479,1665,1371,1163,1140,1164,1219,1061,1095,1159,1173,1265,1194,1220,1114,1089,1197,1136,1217,1444,1468,1125,1111,1130,1218,1127,1104,1204,999,1037,1133,1062,1066,1078,1164,1071,1046,1111,1067,1119,1052,1282,1047,1024,1068,1059,1076,1066,1150,1034,1004,1012,1036,1021,1041,1141,1029,1290,1373,1150,1078,1035,1202,1020,939,1023,972,1037,1048,1212,983,945,983,1002,1032,1079,1074,1005,1033,1071,985,981,974,1054,990,936,996,1005,1092,1012,1153,1066,1037,1012
b15e8846dc61824c1242a6b36796117b
3061,2767,2721,2819,2701,2788,2631,2652,2613,2737,2888,2770,2805,2694,2689,2756,2762,2691,2856,3062,2911,2918,2839,2808,2824,2903,2778,2768,2759,3095,3443,3487,3248,3242,3099,2940,3260,3125,3227,3183,3259,3441,3459,3488,3205,3467,3394,3308,3235,3248,3382,3387,3446,3376,3358,3226,3169,3347,3206,3313,3369,3040,2866,3240,3265,3207,3386,3409,3341,3204,3222,3245,3353,3469,3451,3282,3164,3296,3413,3377,3378,3546,3411,3289,3361,3474,3496,3519,3377,3365,3261,3205,3397,3423,3429,3431,3388,3218,3211,3558,3486,3555,3413,3287,3204,3218,3439,3465,3529,3393,3555,3180,3146,3401,3255,3375,3422,3374,3259,3451,3541,3464,3713,3566,3621,3331,3337,3539,3545,3652,3748,3809,3500,3487,3781,3760,3594,3610,3444,3218,3135,3502,3333,3461,3432,3450,3120,3184,3451,3355,3512,3404,3588,3378,3328,3727,3573,3633,3718,3643,3413,3429,3816,3754,3909,3728,3813,3430,3447,3928,3747,3819,3812,3824,3447,3505,3725,3723,3789,3637,3656,3420,3463
2bc52f5bde454d69ea3d99a482e74741
22,21,26,22,25,21,18,27,24,22,28,21,21,17,20,15,27,20,23,33,29,22,21,23,21,20,32,32,25,23,26,29,24,33,25,25,27,27,29,32,28,23,26,25,25,23,25,25,26,26,25,27,26,24,21,25,26,32,22,25,24,25,15,28,22,17,21,20,20,22,28,16,24,19,20,21,24,21,15,30,25,24,20,20,22,22,16,22,16,16,21,27,25,16,34,26,15,21,20,26,26,27,24,40,20,26,38,32,24,28,30,22,17,21,22,22,22,24,17,21,14,17,27,17,11,15,16,22,22,24,26,23,19,20,15,24,22,29,22,24,13,23,25,23,23,21,17,16,22,31,22,27,22,19,23,19,26,26,23,19,23,13,25,23,18,22,28,30,14,21,20,35,29,29,29,23,23,24,35,33,34,28,22
9e58afbf3fea116b0050bf56bfb4442e
136,124,124,151,153,139,155,127,118,101,110,130,122,133,133,118,112,115,111,130,128,129,119,125,126,139,137,151,141,135,144,140,159,168,144,164,142,159,148,151,144,181,158,139,152,162,173,166,163,171,188,171,166,181,162,211,166,156,168,161,174,193,183,188,159,167,156,163,146,205,194,162,174,159,186,193,215,200,166,181,160,184,205,219,204,199,197,186,197,187,213,217,204,195,215,201,201,213,236,219,210,198,219,198,204,202,214,196,193,210,205,188,213,198,200,222,230,238,237,211,215,238,218,253,218,246,228,221,236,237,239,263,201,221,268,237,248,239,224,208,214,251,254,239,225,228,214,212,213,212,239,233,244,214,219,235,258,228,212,229,209,223,220,220,209,228,227,216,222,243,230,232,206,219,209,214,223,235,243,261,247,231,210
67833a29f796e8b026df019282e14e87
76,71,71,78,84,86,81,81,76,85,93,105,103,88,86,80,82,75,101,95,91,83,87,94,88,85,83,82,105,104,105,102,104,128,112,112,125,104,126,101,130,123,100,105,136,135,113,129,128,108,125,149,135,126,123,115,114,114,137,128,131,116,101,126,110,112,120,112,123,132,109,127,133,135,134,141,126,131,137,132,136,122,119,100,125,117,118,109,115,130,115,107,131,115,133,140,140,111,127,122,133,118,116,130,105,130,121,134,136,131,122,107,110,128,122,130,112,137,132,122,118,133,137,121,131,110,115,118,112,139,132,129,125,123,130,113,136,139,120,101,98,142,113,127,104,131,99,105,113,128,133,124,129,111,109,121,135,106,115,124,109,115,152,152,173,173,169,139,132,151,143,156,147,145,129,140,145,127,138,147,144,131,143
53dd7de874e0999634c28cdd94d21257
42,57,56,61,51,61,69,50,55,57,59,57,50,58,39,62,44,57,74,63,53,55,56,67,56,57,63,61,45,56,50,62,59,72,68,74,73,64,59,82,65,59,79,73,74,64,79,80,59,72,73,77,73,75,80,63,81,84,77,81,93,66,71,63,92,79,82,89,77,71,73,72,80,88,68,88,85,69,90,74,96,74,94,83,78,71,79,90,69,86,80,71,79,100,80,74,85,75,89,67,84,74,93,80,76,77,86,85,80,80,86,66,66,72,72,69,63,66,66,72,59,88,60,66,72,68,66,74,80,79,75,57,73,78,88,99,90,86,84,82,69,83,68,70,80,89,73,67,59,69,87,61,77,80,76,67,84,77,76,85,79,84,72,91,166,126,145,92,102,102,113,100,109,134,121,103,116,156,137,140,172,144,140
97546d961462a65d2518e4f63660bd09
342,297,327,318,328,370,359,324,336,359,348,348,379,336,374,354,329,294,335,333,304,318,322,357,292,351,344,315,369,354,349,391,361,344,357,339,380,343,326,320,340,340,336,359,330,337,347,338,334,326,331,348,326,360,373,382,371,382,359,385,362,372,333,387,364,371,352,349,355,339,372,363,353,377,350,378,427,397,359,378,349,348,341,344,370,398,388,358,370,357,328,364,374,348,378,357,385,350,372,354,393,375,420,388,351,386,357,375,393,373,394,382,410,399,402,382,387,372,371,410,411,395,419,413,365,365,377,363,367,342,347,396,364,393,383,379,392,390,398,364,1359,1104,607,623,560,538,494,529,517,491,506,530,470,394,446,430,492,473,484,461,438,485,494,478,472,466,477,448,490,551,597,526,554,554,516,455,534,526,520,511,489,463,461
1731019fbaa825714d5f8e61ad1bb7ff
67,73,71,73,59,87,81,90,81,81,75,86,88,93,73,76,102,115,123,132,105,124,218,304,390,364,387,400,375,422,373,326,310,303,292,292,310,325,290,303,292,308,255,313,306,301,293,297,291,263,278,258,285,271,261,240,264,309,321,332,282,273,253,247,234,254,262,265,246,275,233,221,258,253,238,259,240,227,236,217,223,218,212,203,218,235,269,323,332,341,337,353,325,340,414,404,418,367,356,336,276,300,319,302,296,284,325,306,290,282,304,284,253,244,276,255,295,275,251,235,256,277,250,283,267,224,233,256,281,230,245,243,233,221,254,229,266,272,257,207,229,230,244,243,253,241,243,193,239,205,251,241,226,185,176,233,240,225,221,233,186,207,218,249,260,228,261,216,206,267,258,446,466,390,285,249,263,254,283,290,269,256,211
6bb4c3bbdb6f5a96d643320c6b6005f5
270,266,304,316,300,327,306,323,300,308,331,334,361,319,324,287,324,320,316,344,328,340,310,329,344,331,354,343,336,356,382,359,329,352,321,323,305,332,359,360,369,337,307,317,362,385,374,358,339,324,346,418,353,354,379,348,353,355,400,351,334,355,299,331,323,397,331,336,362,342,346,359,436,414,416,370,334,372,412,371,398,383,403,360,388,387,400,411,387,370,365,379,363,356,386,388,393,377,373,362,347,398,374,371,387,404,364,373,413,388,437,384,402,396,391,383,419,434,449,410,426,446,451,459,420,406,430,433,450,456,437,421,432,422,420,427,458,456,420,376,448,447,422,433,452,466,410,426,404,415,400,363,398,351,391,419,399,393,371,403,339,357,401,379,376,396,378,365,400,364,392,412,394,428,402,399,416,424,426,405,427,387,385
97de6333157f35467dff271d7afb0a23
173,208,262,258,297,277,301,257,264,313,352,539,449,336,403,318,296,280,320,312,281,284,288,235,262,245,252,258,212,265,262,283,286,314,271,247,261,262,262,292,286,258,255,273,292,297,315,285,283,260,255,286,311,280,258,277,263,257,254,242,251,241,200,215,213,196,219,221,224,204,199,173,219,213,205,218,186,182,213,201,193,211,203,176,172,192,204,177,185,204,192,153,164,188,175,175,173,167,174,186,195,192,192,180,159,162,177,188,198,185,187,159,135,177,187,157,167,175,162,171,182,178,149,191,168,144,150,158,155,140,148,162,141,145,153,152,154,134,171,120,132,150,172,154,146,167,121,118,133,136,143,160,149,132,129,136,148,145,151,145,132,124,157,149,134,158,153,144,139,133,158,132,130,136,143,124,134,167,166,138,148,136,135
ac43c6ce2f9df4adfbb05edd97cecbcc
368,395,371,354,363,387,354,320,331,344,319,357,358,364,502,456,343,336,390,370,314,372,340,366,372,341,373,339,327,343,400,415,421,396,363,349,391,370,413,401,442,387,412,410,467,419,410,416,395,464,457,434,424,431,449,430,426,376,436,466,475,441,413,475,495,494,461,451,476,407,470,436,475,487,481,446,443,459,414,484,660,539,486,553,494,422,470,473,490,469,449,456,405,464,482,457,482,434,441,486,476,419,449,449,432,446,472,470,483,462,472,458,415,497,507,491,496,468,476,504,500,536,556,535,477,503,499,506,542,531,495,536,457,485,545,546,504,525,493,438,422,512,457,479,473,438,433,470,484,460,494,495,455,468,441,494,559,558,582,532,449,490,531,586,532,505,578,508,498,555,570,491,495,572,504,534,496,565,499,509,482,473,519
d7a4372b813f555ee25352731e8df17e
158,171,138,149,150,163,151,176,153,176,147,178,176,165,190,165,185,168,188,202,182,154,145,159,159,156,146,161,158,183,157,189,173,159,151,159,143,165,183,153,174,143,148,164,160,196,169,191,170,190,179,180,202,179,194,179,189,218,217,213,220,193,165,199,190,224,228,185,198,203,187,205,224,214,202,184,201,206,214,198,226,218,197,184,202,171,197,195,220,206,167,191,222,198,212,228,198,192,195,225,192,212,217,195,169,189,182,210,196,214,197,187,159,189,205,195,204,203,207,197,231,211,238,223,231,184,184,212,220,253,228,233,221,224,253,240,211,254,238,225,210,237,216,218,273,234,231,177,237,225,211,236,218,217,193,225,207,243,227,248,226,182,245,227,239,212,226,217,196,247,238,232,225,221,211,192,250,208,234,237,249,205,209
d773376e46311393cd89994bf9a93043
347,341,361,379,345,368,356,336,367,328,347,342,334,321,320,274,314,376,427,426,410,455,479,526,556,530,579,566,522,624,676,700,613,587,547,489,600,559,566,569,532,519,450,623,542,572,509,485,503,459,562,504,509,486,475,457,461,556,487,517,488,416,384,406,501,437,475,468,472,465,435,450,474,456,465,421,438,413,475,401,458,393,423,376,365,439,397,425,375,365,364,326,423,362,413,378,375,370,351,455,363,399,380,337,317,311,448,373,377,347,375,313,299,394,343,357,333,310,295,301,406,345,364,348,349,316,295,433,390,416,368,320,323,313,441,372,385,334,348,311,277,424,334,339,334,315,301,288,392,297,321,302,284,257,256,358,297,333,318,283,291,259,368,307,349,301,308,272,244,400,294,338,274,288,259,283,354,268,316,280,258,239,250
f6e0f05fde7637afb8f8bc6bda74ca24
105,108,116,106,108,138,112,107,99,102,103,113,116,108,102,99,109,113,99,112,97,111,117,89,94,106,107,115,104,106,124,113,112,126,129,119,131,122,124,114,118,105,103,123,120,119,131,112,117,104,111,123,131,111,139,129,126,103,111,112,110,112,95,112,119,108,105,104,121,102,101,92,120,121,104,114,111,99,102,90,111,108,109,86,103,101,111,108,98,103,83,97,92,92,91,106,106,73,89,84,103,104,92,126,107,91,104,121,104,97,106,97,89,84,123,112,101,115,98,86,103,108,114,96,113,97,88,99,99,99,102,92,89,90,103,103,98,110,108,79,97,109,86,101,99,94,94,86,118,111,96,117,93,81,66,125,108,95,96,93,81,87,87,99,119,98,90,95,80,90,117,88,102,93,100,88,98,78,82,96,95,94,70
5dcba3c9cc855e910bcd92f6a5777b15
90,80,89,103,111,98,105,102,109,103,89,103,108,102,100,125,107,116,120,113,105,115,126,130,110,130,134,148,130,142,174,188,161,191,132,143,138,157,131,142,150,131,129,148,170,184,179,177,171,169,174,183,182,184,171,199,190,167,160,183,160,169,140,183,151,173,201,149,189,175,185,162,186,200,183,188,176,209,194,199,197,169,181,157,167,166,182,181,178,162,161,190,176,162,178,168,191,165,203,170,175,183,160,179,157,157,175,213,236,204,216,193,196,195,186,204,192,194,189,200,179,203,217,190,188,180,211,184,190,204,213,210,186,202,177,194,211,216,183,198,212,214,206,212,201,212,193,201,189,197,218,211,205,193,212,203,193,196,200,201,172,212,199,197,243,185,187,167,198,198,200,202,191,193,222,185,217,237,217,225,202,178,218
4b9f8083c79247f495c4e54cb4ceb506
30,30,25,43,88,44,50,39,25,43,52,34,34,38,43,41,48,37,51,41,46,47,35,44,39,55,34,52,35,42,44,45,53,51,50,50,56,61,54,51,47,55,64,39,59,53,50,54,59,49,46,55,53,47,59,51,55,43,50,43,50,62,65,65,42,46,47,38,53,51,58,53,60,52,64,64,62,65,67,58,74,72,54,73,63,56,59,57,58,59,51,57,48,48,66,45,67,74,54,74,52,55,52,62,48,68,72,61,59,65,77,65,77,71,76,71,62,75,61,67,63,74,73,59,67,57,79,78,59,75,64,60,53,73,73,74,66,82,64,61,79,67,63,68,66,72,61,63,63,73,82,71,72,67,61,71,70,70,73,54,71,58,70,76,74,84,90,61,77,81,88,68,81,70,62,60,68,70,70,72,71,64,49
c0c28c3626073560ca763eb1ec60d9c0
252,198,213,220,229,229,222,295,242,228,249,266,227,259,298,271,244,264,321,308,355,444,386,365,413,375,367,394,405,393,387,398,755,837,936,866,906,736,783,717,691,777,703,658,683,747,640,614,706,725,617,620,615,573,592,702,688,605,649,839,929,853,803,760,714,941,892,755,712,820,793,614,668,667,691,598,744,686,582,641,684,651,630,782,685,626,580,704,684,727,924,917,780,766,823,772,706,834,839,711,721,726,820,956,1044,1004,963,967,843,796,793,845,724,819,720,724,741,768,892,833,768,691,744,716,745,916,916,981,1158,935,820,760,863,848,775,717,718,634,633,738,757,702,629,700,692,647,753,668,626,615,667,616,641,690,684,681,703,710,681,622,695,649,655,636,639,580,570,794,751,679,645,572,537,597,649,682,582,611,577,590,589,696,718
a77796848ccfc47059c04b22476e64c1
1027,1155,1116,1052,1087,1123,1114,1189,1115,1184,1564,1536,1425,1500,1514,1389,1408,1399,1424,1411,1489,1572,1406,1517,1490,1443,1482,1467,1533,1580,2001,2041,1935,1929,1785,1726,1841,1857,1756,1834,1919,2007,2128,1928,2027,1908,1997,1950,1957,1952,1992,2009,2028,2104,2101,2008,2036,1987,2097,2180,2139,1898,1825,1959,2172,2129,2016,1938,1940,1855,1812,1988,2180,2110,2021,2032,1857,1965,1913,2023,1938,2073,1982,1815,1910,2076,2188,2007,1936,1918,1903,1901,1784,1939,1925,1935,1854,1906,1924,1873,2125,1985,2000,1968,1883,1852,1857,2027,2121,2180,2195,1900,1898,2130,2071,2411,3042,2474,2238,2214,2307,2395,2333,2496,2595,2291,2313,2232,2448,2490,2484,2618,2388,2334,2363,2497,2242,2340,2176,2098,2219,2190,2297,2267,2228,2178,2061,2104,2198,2283,2211,2252,2315,2506,2453,2279,2366,2248,2299,2299,2326,2260,2627,2832,2564,2410,2379,2257,2307,2446,2502,2475,2393,2369,2164,2198,2257,3130,3114,3243,2871,2854,3078
5e1788cd2cce09d8780d44c81a862e19
94,99,84,103,96,102,104,110,102,105,98,155,155,137,129,127,123,125,142,136,135,144,139,153,140,134,133,124,137,151,172,164,132,154,138,135,171,112,146,134,156,132,119,138,163,148,150,157,144,145,161,145,137,137,138,132,152,165,156,149,190,153,126,146,144,163,159,173,159,165,148,151,200,160,183,182,181,162,325,377,411,421,417,412,410,487,550,576,605,613,586,605,601,549,523,538,534,507,483,454,479,467,472,460,447,445,468,483,458,447,462,416,413,431,421,388,405,392,369,357,390,365,392,388,377,327,330,363,344,338,393,349,301,298,349,351,344,334,350,318,279,307,293,299,343,324,321,300,338,351,315,332,336,305,308,377,426,387,411,365,321,329,334,373,404,368,381,331,356,378,379,344,351,348,351,304,368,356,313,324,288,294,281
c7425ea3ecbea3a51b5550c698be7e71
9,13,10,5,11,18,14,38,36,19,30,30,33,23,24,13,20,44,37,34,51,80,71,60,57,56,49,59,37,27,28,20,21,22,24,14,24,61,74,55,66,64,152,67,73,84,68,67,67,64,49,48,49,32,44,48,71,52,68,60,76,77,89,84,84,85,75,58,46,75,78,70,52,41,44,32,56,37,20,28,25,20,17,24,17,21,20,31,35,35,28,43,42,48,37,49,46,63,87,43,52,45,36,43,53,77,70,51,53,55,82,154,139,123,134,146,123,128,102,132,121,144,132,115,101,129,166,117,102,162,146,145,170,236,157,179,146,204,178,191,152,136,161,175,230,146,159,92,152,149,105,83,120,169,110,126,91,77,70,76,71,106,107,85,66,57,47,49,50,49,36,22,22,19,18,23,16,12,19,17,16,22,25
023406156015ef87f99521f3b343f71f
226,227,240,216,229,234,244,245,223,254,288,490,360,262,263,280,266,220,244,284,439,478,391,351,567,484,526,436,448,466,487,487,571,563,412,449,576,543,523,477,499,488,474,442,455,464,512,511,472,542,479,533,532,438,411,386,366,367,357,355,362,318,291,324,308,283,334,304,301,305,256,265,323,305,313,327,262,331,272,273,302,249,312,251,269,263,284,257,272,292,280,268,273,269,259,274,288,248,261,266,264,273,254,278,237,256,263,220,241,268,276,249,260,242,264,275,258,250,268,248,243,264,225,271,256,246,243,252,245,239,262,240,229,241,248,241,247,260,264,229,226,221,222,229,233,241,217,204,237,221,243,352,305,256,256,314,314,299,294,265,242,271,263,282,274,252,278,240,246,264,259,279,287,278,287,306,271,329,254,289,272,260,264
300dde62b988fc83eb6dba1b702e9af3
743,766,722,787,816,816,817,774,812,823,754,766,843,844,846,853,823,873,944,906,890,943,940,920,993,984,1014,998,1039,1075,1051,985,974,1036,1025,1013,1040,1033,982,1027,1054,1099,1164,1086,1001,1023,1010,1057,1029,1087,1112,1076,986,977,987,1029,1028,1083,1223,1200,1207,1302,1229,1236,1237,1215,1167,1188,1228,1202,1179,1189,1191,1145,1149,1066,1127,1139,1437,1278,1318,1365,1379,1466,1395,1455,1343,1306,1275,1363,1322,1367,1335,1373,1425,1272,1253,1223,1201,1307,1268,1185,1146,1169,1143,1139,1323,1299,1196,1210,1269,1158,1143,1287,1192,1130,1179,1120,1138,1115,1242,1287,1178,1187,1176,1180,1152,1291,1185,1194,1201,1214,1098,1173,1261,1278,1157,1228,1291,1131,1101,1271,1256,1194,1169,1211,1091,1026,1207,1218,1175,1149,1116,1055,1020,1202,1236,1146,1124,1156,1051,1154,1283,1220,1155,1136,1387,1357,1161,1320,1234,1127,1187,1153,1091,1062,1217,1228,1122,1163,1146,1082,1075
cdf36e58742f023020e6ae0e67d60dcc
457,491,423,386,362,375,390,407,414,421,403,401,433,464,421,414,505,444,535,920,1449,1283,1050,1010,931,921,888,915,884,851,871,875,877,841,791,802,813,729,734,731,758,886,915,810,764,765,760,734,744,813,778,737,726,702,756,843,857,747,707,732,766,643,675,727,630,685,655,693,688,665,666,638,730,704,774,805,674,687,836,807,810,782,689,676,775,763,794,761,697,766,768,906,800,779,855,670,713,668,683,661,677,770,681,668,647,690,682,717,812,681,652,598,596,656,649,782,915,772,730,733,681,725,834,738,707,676,664,677,710,795,792,696,637,681,743,717,770,664,651,649,737,704,639,727,666,689,609,649,701,663,722,690,625,670,709,644,717,761,741,651,636,664,681,710,727,725,732,713,702,829,901,981,949,844,790,808,725,738,811,730,763,723,727
ffd47cf9cb66d226575336f0fa42ae25
35,43,40,38,40,40,35,34,42,38,48,37,34,43,35,41,40,36,37,41,32,37,34,43,46,47,31,21,36,44,47,51,48,45,37,41,44,34,43,43,40,34,44,37,43,47,40,44,45,42,46,44,46,51,51,50,42,78,94,82,64,57,63,48,48,43,46,43,50,51,45,52,42,55,51,47,49,45,52,49,45,59,56,48,49,50,49,43,46,53,42,39,47,43,41,51,44,43,47,39,43,56,56,34,38,47,49,43,34,51,43,43,33,43,42,33,48,55,52,46,56,54,40,38,52,50,52,46,41,57,47,53,47,45,53,65,45,59,45,48,42,52,47,50,46,44,43,32,41,46,42,40,34,42,36,31,32,64,47,40,43,47,35,35,37,39,41,45,32,45,41,129,133,112,51,41,48,46,59,47,55,50,42
9f69ffd8852196e02cfa19b5cd9bc432
37,47,37,51,37,45,59,32,48,46,43,53,51,59,65,54,40,46,59,50,64,63,45,46,57,59,51,47,55,63,57,65,56,56,68,58,68,66,57,66,52,66,61,55,59,63,63,62,87,62,60,58,70,63,63,71,72,71,63,70,72,69,63,70,64,79,76,71,82,74,69,51,65,61,70,73,60,63,69,79,75,59,60,62,69,70,70,71,73,72,67,58,65,70,69,61,60,71,55,53,64,76,64,67,64,63,71,68,79,70,59,63,58,67,69,64,80,71,66,62,69,55,70,73,66,65,91,72,74,77,66,70,65,73,78,72,54,60,75,83,72,59,67,93,70,81,71,59,81,78,61,62,60,68,65,83,79,70,86,81,61,77,88,77,88,75,81,75,75,90,88,82,93,81,84,82,88,92,109,92,108,176,165
5ce35e3085934e1621766ba766437754
65,76,72,64,80,72,60,78,74,76,62,69,90,78,74,59,73,72,75,66,75,72,78,85,78,106,96,73,83,90,93,97,103,108,112,115,123,108,116,99,117,148,135,141,128,125,104,124,138,90,101,115,120,95,138,151,122,94,100,89,84,86,105,96,92,87,78,104,113,95,112,105,94,122,99,113,118,115,115,95,125,114,106,137,120,112,125,134,123,112,126,134,107,119,161,161,151,171,182,117,141,149,159,152,143,152,146,137,145,136,158,161,153,184,136,118,143,175,166,153,123,151,133,143,129,175,140,148,133,164,148,160,142,186,209,268,229,174,181,202,166,156,156,180,171,174,185,159,143,164,140,167,163,167,168,160,165,184,155,153,156,151,148,167,169,156,151,145,135,161,146,163,136,156,172,161,153,368,394,275,245,247,209
2fe53ff8830b95d458af9ddd77fa5ffa
298,309,323,319,295,274,294,357,329,302,312,360,371,419,457,408,400,376,358,368,361,404,343,351,464,411,419,363,447,388,397,407,411,393,378,422,410,452,453,440,460,462,616,478,417,429,421,375,393,520,431,439,411,479,455,485,536,463,467,441,419,389,395,497,440,420,425,431,417,446,598,482,436,457,438,414,436,508,494,461,452,433,449,431,464,557,532,541,484,454,428,549,478,439,481,415,422,412,537,473,482,470,475,427,376,553,437,446,458,442,492,437,545,515,453,449,515,492,509,601,513,530,525,537,531,500,613,541,531,517,552,502,464,537,499,513,483,482,467,451,548,495,503,462,487,466,433,500,466,477,462,478,495,432,494,501,487,479,511,429,417,483,474,463,489,485,505,438,560,513,523,540,543,488,497,629,524,517,568,526,534,489,587
46b38d9ac2bcde7872e118da0172f38f
257,297,268,281,290,403,393,365,398,522,501,387,395,369,334,338,372,325,352,327,378,343,305,328,337,328,320,327,332,378,416,430,411,470,423,423,434,438,422,442,495,562,616,462,466,470,455,457,466,447,450,481,428,475,475,499,455,507,444,441,435,439,375,442,450,447,418,432,441,414,433,408,445,426,455,414,418,411,403,391,408,389,441,388,443,454,454,423,437,431,405,444,435,394,404,691,695,606,555,577,569,515,506,504,434,467,451,473,481,488,490,424,415,487,457,440,460,433,458,430,459,483,504,472,464,432,463,492,451,473,520,455,452,447,466,512,457,520,505,473,466,457,471,475,539,493,450,435,494,495,508,494,540,473,503,493,535,496,528,593,540,541,534,515,553,576,550,498,465,499,523,505,537,547,469,459,477,517,678,802,683,511,470
6d4ecd79fd8a64039ecbfcce36019218
963,1018,945,1003,922,1072,1031,1216,1299,1309,1279,1170,1177,1123,1195,1139,1166,1166,1119,1096,1098,1154,1139,1109,1158,1197,1141,1161,1280,1350,1512,1526,1535,1378,1439,1311,1391,1274,1306,1409,1318,1375,1441,1342,1427,1391,1630,1315,1354,1332,1314,1440,1426,1591,1421,1376,1477,1456,1525,1464,1598,1409,1295,1404,1377,1337,1434,1521,1382,1260,1354,1211,1348,1405,1491,1317,1321,1273,1333,1383,1377,1540,1381,1262,1337,1354,1334,1314,1436,1421,1423,1377,1325,1339,1367,1534,1278,1299,1289,1442,1467,1460,1632,1322,1228,1296,1327,1348,1445,1504,1354,1286,1209,1289,1517,1495,1509,1340,1337,1301,1331,1335,1495,1637,1440,1420,1362,1372,1334,1447,1804,1641,1372,1426,1584,1617,1566,1729,1388,1315,1295,1341,1948,2096,1851,1637,1450,1549,1495,1525,1604,1754,1526,1350,1363,1477,1470,1555,1688,1424,1314,1370,1390,1385,1587,1650,1492,1310,1377,1436,1521,1546,1640,1525,1475,1431,1437,1542,1535,1609,1432,1334,1368
2b7fedeea967becd9408b896de8ff903
5,3,3,3,3,3,4,6,1,3,3,6,4,4,2,5,3,3,3,4,7,2,3,4,4,7,6,7,4,5,8,7,6,7,4,4,4,4,5,7,6,8,5,5,5,9,5,8,7,8,8,4,4,5,6,4,4,5,10,0,7,3,7,10,4,6,9,6,7,2,4,7,7,7,6,5,4,2,4,0,3,4,1,3,1,2,3,1,2,2,2,4,1,1,5,4,6,3,5,3,2,2,3,5,1,2,3,2,1,3,7,8,3,6,4,9,7,5,7,8,8,2,3,3,7,4,8,5,5,6,9,9,11,9,7,7,7,7,7,5,5,6,8,6,5,5,0,4,4,6,3,4,0,2,5,7,4,4,5,6,5,4,4,4,4,2,5,5,7,6,6,3,5,6,5,10,2,5,2,4,2,6,7
6d75b73dcabcd3db528ce7f9111f27da
121,104,118,119,124,122,118,125,131,130,130,125,127,134,130,133,125,147,117,128,131,202,202,162,161,136,167,131,178,148,188,146,152,146,144,153,156,157,151,161,173,148,135,170,156,170,178,130,185,160,144,166,190,161,185,149,150,155,197,176,167,149,146,179,166,181,149,161,167,143,139,141,168,132,159,153,157,168,163,163,173,158,136,137,167,164,147,153,169,151,148,149,161,148,158,153,166,158,174,153,195,170,158,142,155,147,148,175,157,179,223,173,203,213,204,182,190,196,178,198,191,191,195,188,158,185,190,170,173,177,208,240,195,174,175,201,194,175,230,187,181,209,202,195,204,195,200,189,162,205,189,211,163,193,197,205,232,203,206,207,180,204,189,203,223,201,206,193,204,197,210,170,188,221,182,211,186,174,211,194,202,213,202
3229ed9301ae8d36536ddcd783529dd6
88,67,65,79,65,67,61,81,65,68,72,64,59,88,81,77,89,82,89,88,94,93,81,84,80,78,83,83,87,98,90,96,95,85,114,83,94,74,84,63,73,70,76,83,98,88,98,101,102,92,107,107,100,110,106,126,118,115,106,95,106,113,87,111,96,104,111,118,112,108,108,98,124,125,113,125,96,115,127,105,109,108,91,94,105,108,115,135,99,93,104,106,99,106,170,133,128,122,100,101,108,120,108,97,91,125,98,102,113,124,103,102,107,124,129,130,113,125,116,107,115,132,136,121,102,127,151,109,111,139,130,121,88,118,114,136,126,147,120,116,103,129,117,113,118,115,116,114,105,115,128,120,134,120,117,141,127,133,116,142,111,114,115,97,109,95,124,112,116,126,115,134,118,115,140,116,116,137,133,122,119,99,100
2e14d32266ee6b4678595f8f50c369ac
747,765,737,774,814,833,795,793,806,830,874,836,937,946,903,884,910,927,920,923,927,910,867,920,910,907,987,956,982,1700,1929,1596,1281,1217,1306,1241,1340,1274,1227,1292,1299,1240,1211,1154,1194,1149,1083,1123,1129,1065,1082,1135,1128,1151,1151,1089,1061,1069,1118,1138,1145,1080,1028,1079,1093,1077,1105,1088,1108,1027,1119,994,1138,1073,1108,1129,1091,1074,1082,1157,1228,1230,1214,1145,1147,1160,1197,1144,1160,1117,1034,1081,1060,1074,1102,1171,1083,1114,1176,1110,1200,1077,1119,1157,1030,1073,1088,1061,1057,1091,1095,997,1065,1271,1297,1434,1609,1288,1220,1181,1154,1222,1183,1230,1264,1210,1209,1261,1246,1271,1247,1360,1233,1276,1255,1306,1308,1344,1337,1237,1266,1242,1241,1198,1188,1240,1147,1146,1142,1188,1150,1225,1203,1096,1126,1149,1182,1194,1279,1434,1317,1162,1204,1235,1245,1172,1212,1167,1153,1229,1193,1155,1281,1318,1180,1223,1200,1091,1148,1202,1221,1188,1196
6428a2b58ccd8fe4cd25ef1a156fcaff
124,136,158,165,169,173,169,161,169,158,182,177,172,175,161,163,164,158,172,167,166,151,156,174,185,188,202,175,169,181,206,217,221,189,196,162,180,172,189,195,199,162,158,164,164,175,173,162,172,164,169,187,188,180,203,179,185,182,157,163,165,150,137,152,169,154,149,160,167,166,152,131,188,167,191,183,180,166,154,172,180,200,193,154,178,187,173,156,178,183,169,159,165,161,185,174,178,161,171,151,179,171,188,157,149,145,159,160,184,183,187,165,152,182,192,182,173,177,188,169,181,184,182,168,185,165,153,155,154,184,167,169,151,164,155,177,180,197,166,168,162,171,159,179,207,188,149,162,173,193,174,159,190,166,173,165,174,174,150,166,172,151,187,166,176,152,148,143,130,155,140,152,148,159,149,128,171,158,153,151,143,151,145
cd5ce8f47e50971ddb629d86a0bc34f2
833,872,913,935,901,861,818,857,851,836,873,862,875,909,921,856,923,939,967,836,909,912,861,841,921,899,945,997,998,1009,869,890,965,1039,869,908,958,869,847,841,924,912,1005,919,890,893,827,916,1022,1015,946,996,1026,833,975,1008,1245,1067,1038,960,877,1028,955,1038,1197,1209,1168,1037,1149,1076,1074,994,1002,1011,937,1051,946,1029,1045,887,905,952,1028,993,1011,969,1013,1008,1007,1043,975,1115,981,902,1002,1081,1159,1074,1083,1013,1047,1015,1027,1094,882,970,987,1003,968,971,1025,955,926,1013,979,979,966,1061,1011,1113,1063,1031,1136,1071,1112,1090,1097,1106,1089,1116,1116,1182,1067,1145,1122,1096,1045,984,1116,1044,1085,1085,1024,1059,1106,1175,1064,1109,1087,1075,1063,1043,1118,1021,1035,1076,1086,1091,1111,1172,1067,1097,1138,1183,1199,1124,1216,1103,1178,1247,1147,1437,1608,1974,1924,1913,1960,1723,1448,1463,1522,1458,1692
34bc4bc49a725f2686a5cf9c89985798
47,66,54,42,26,23,50,44,29,33,39,26,39,51,53,34,36,37,33,36,63,35,39,37,45,43,43,52,60,53,54,57,39,53,87,59,53,73,67,46,69,93,71,52,62,70,55,54,81,72,63,61,82,40,64,102,84,61,57,49,43,60,97,89,57,72,59,40,58,86,73,54,53,71,54,88,161,152,94,79,78,51,69,86,99,54,61,95,71,72,96,98,68,68,68,53,59,105,82,52,64,72,51,75,91,83,60,75,90,45,61,103,76,49,78,77,51,76,106,147,96,116,110,79,98,97,85,64,102,94,66,82,91,93,64,92,88,70,77,107,67,63,75,84,55,79,96,88,66,88,98,69,85,107,98,56,84,83,72,92,117,104,77,108,106,90,94,138,90,73,96,88,74,79,112,96,83,88,108,55,113,167,127
5758252da54f4860acff8c74ea38c902
96,73,101,162,146,164,439,472,273,184,165,154,162,140,130,114,145,142,137,151,147,130,132,125,145,138,140,150,226,162,188,169,148,159,171,173,147,160,153,133,176,219,201,154,150,144,168,135,144,158,151,139,144,154,133,145,141,150,145,134,132,131,133,149,121,154,145,130,131,150,132,117,138,134,152,132,133,136,131,130,147,140,177,119,126,116,137,128,112,141,130,131,118,138,123,155,132,136,134,145,131,122,133,139,115,132,125,140,139,135,126,112,136,114,119,138,133,133,122,159,115,141,138,141,136,139,119,120,121,122,143,172,150,172,145,156,160,149,156,138,137,145,139,132,127,133,144,143,139,144,152,149,142,124,142,150,120,156,136,159,128,151,157,153,155,154,163,153,140,164,155,173,139,169,137,138,135,146,143,153,166,151,144
ca6db6d4f02b7b946c57fc389e67dd7e
88,103,95,99,116,113,96,118,111,97,94,97,107,85,132,106,121,115,91,129,101,106,102,117,113,123,113,103,94,118,144,118,126,115,113,93,118,128,126,117,107,120,111,133,113,171,179,149,130,157,159,156,157,166,154,121,145,153,138,145,130,112,117,133,131,174,130,120,105,146,108,123,132,127,203,154,112,115,117,131,109,92,141,152,125,112,115,136,123,120,126,117,114,106,135,118,140,114,110,137,151,148,176,137,126,183,170,157,130,137,182,149,147,150,148,157,186,180,176,152,151,164,195,158,176,205,203,199,179,201,190,282,243,177,175,166,207,172,148,192,174,161,143,239,235,213,190,255,214,191,185,212,218,247,232,210,207,214,197,211,189,197,201,202,237,193,222,188,215,239,219,227,199,220,191,189,225,254,225,220,203,197,199
42422dc00b814183c0216d1ed7fb3cd9
211,218,299,250,212,223,226,187,227,289,264,223,227,213,253,236,271,280,291,268,238,260,277,265,231,258,278,258,279,284,358,363,337,298,310,292,305,308,337,335,293,306,277,324,329,369,377,368,406,444,418,404,455,383,438,449,493,394,382,426,458,460,453,507,469,428,456,436,433,465,461,406,471,471,483,416,428,453,402,392,397,429,452,396,472,438,411,412,410,387,407,421,428,422,435,433,423,447,454,438,397,407,406,433,382,467,440,449,462,420,431,434,403,476,493,519,502,507,488,505,504,519,506,483,507,503,537,503,578,609,546,547,509,505,528,547,556,576,558,560,550,543,509,519,514,507,439,505,482,481,517,494,505,452,510,505,524,495,475,499,469,523,493,501,532,520,532,501,518,534,545,528,517,542,516,501,511,537,570,555,535,506,531
4ee3f9c90101073c99d5440b41f07daa
15,25,30,17,22,30,19,19,14,13,13,11,16,26,13,15,15,18,18,20,17,22,17,15,17,14,14,20,20,12,22,17,13,19,20,18,15,15,23,19,25,18,20,15,19,11,16,8,9,12,17,16,16,19,16,16,25,17,15,20,31,15,15,20,20,20,15,18,11,14,19,12,14,17,17,19,17,20,26,18,20,25,18,17,20,22,24,15,17,20,20,27,19,17,17,21,17,21,14,15,17,18,15,17,16,17,10,20,14,18,21,15,16,21,18,15,12,19,10,18,16,16,18,16,18,19,15,14,16,25,16,16,16,10,14,12,16,12,16,22,12,17,15,10,8,16,11,21,13,13,15,19,18,19,18,18,17,15,23,16,20,15,15,17,23,17,12,19,17,16,12,19,14,21,18,14,18,19,22,19,16,12,13
b01af01dc3a0e1e5068bd3e72f6ff823
225,203,228,218,196,207,205,193,225,249,203,210,192,212,216,179,204,204,223,208,223,212,230,235,198,282,362,312,407,310,315,317,267,307,272,280,273,284,278,275,277,348,386,272,242,283,285,287,277,261,265,286,261,258,251,272,271,267,226,243,217,243,259,230,245,249,249,258,241,232,229,255,234,268,248,230,260,292,270,292,268,265,251,284,288,273,356,308,257,322,408,366,283,262,267,273,289,260,272,228,297,328,313,278,255,305,276,271,287,278,257,276,280,273,260,273,306,271,309,340,316,274,276,267,239,280,239,298,256,257,259,304,271,274,261,281,282,281,288,258,288,262,266,322,442,380,272,319,273,283,316,265,246,266,271,277,246,299,290,243,255,254,279,270,251,233,249,243,274,265,266,279,261,266,263,325,292,278,261,251,283,252,273
216b280870f6d2181e11b6a428aa84a7
89,77,78,78,77,75,85,85,79,86,80,76,82,90,85,79,88,85,86,83,97,104,79,84,92,74,98,111,105,84,94,106,106,101,112,96,115,68,93,76,90,91,90,77,87,70,86,103,86,83,88,80,77,85,83,96,79,59,64,73,88,65,78,66,73,53,68,75,82,75,65,69,57,62,64,80,74,71,68,45,61,68,71,60,70,59,62,67,51,60,39,60,51,58,55,46,51,68,61,56,59,54,63,54,50,40,61,36,58,50,58,31,39,53,48,48,53,51,38,58,82,45,62,39,47,44,46,50,49,52,59,71,64,60,54,57,50,59,52,47,51,56,51,46,53,51,44,43,46,57,51,57,60,41,40,54,54,41,52,53,46,47,51,44,53,50,41,44,47,55,51,48,44,55,44,43,47,43,43,43,46,40,40
4b46759309d38832471eb326dedcf5c0
390,377,499,411,410,422,350,355,373,481,428,392,1200,1601,1578,1121,753,715,684,717,646,674,591,676,645,583,631,640,625,808,912,789,753,720,701,656,681,714,763,740,695,776,908,682,714,683,702,717,662,704,619,647,709,682,681,703,647,671,687,661,687,571,631,643,628,711,666,657,790,776,642,611,735,671,685,607,638,633,683,725,724,703,739,672,674,677,719,700,676,664,674,738,754,805,893,845,796,806,748,769,865,853,831,797,735,749,781,842,783,748,783,805,717,755,830,788,782,785,772,798,786,894,769,832,849,798,779,804,870,863,858,797,785,738,797,830,745,807,768,680,695,714,738,720,792,789,695,730,738,820,809,834,752,717,815,845,938,846,845,803,726,711,759,789,817,771,793,730,672,757,812,764,762,749,694,786,725,802,806,786,780,774,713
5e2ef5473cbbdb335f6d51dc57845437
209,217,218,255,248,255,246,257,233,224,251,267,295,232,273,252,268,248,306,282,272,294,278,275,260,229,238,252,262,242,269,306,302,310,278,281,301,302,315,304,299,306,286,301,286,304,327,313,284,305,335,326,306,332,319,326,297,305,326,309,340,279,293,329,317,320,317,313,317,316,321,292,329,309,324,324,325,323,292,297,336,321,323,338,336,324,330,321,307,340,329,340,289,337,299,334,286,318,300,350,365,323,319,323,266,323,295,312,315,357,344,270,279,470,440,381,399,347,358,382,373,373,395,410,345,382,348,364,382,417,497,697,688,679,710,705,667,598,577,489,484,551,461,453,444,468,389,428,398,423,428,444,454,397,390,428,449,460,446,375,375,410,388,403,418,393,435,408,403,414,388,445,459,452,373,388,387,395,469,469,451,388,371
e087f8842fe66efa5ccee42ff791e0ca
26,43,41,58,64,42,41,32,39,41,40,47,48,43,31,39,38,43,48,42,50,35,38,38,34,32,41,43,30,42,50,56,46,35,37,38,45,40,45,55,53,38,32,43,44,45,47,46,44,41,50,57,45,46,53,55,40,42,41,54,35,37,32,44,48,33,42,35,40,29,38,40,34,43,44,38,38,33,40,39,36,29,41,40,32,49,64,52,55,48,52,33,43,48,61,55,33,46,46,41,40,56,36,48,50,39,55,41,46,59,55,53,50,60,66,49,66,57,50,59,53,55,56,55,49,46,48,45,58,57,51,46,49,45,45,61,45,50,37,51,61,41,43,49,58,34,35,31,33,43,49,35,42,43,36,48,51,36,48,41,37,31,40,40,44,52,42,24,34,41,41,37,31,39,51,43,44,42,45,38,44,41,39
40bbb0da5570702dd6ff3af5e9e3aea6
382,397,397,366,383,360,393,412,406,426,396,441,498,439,469,403,401,371,379,405,391,415,392,391,402,409,401,409,403,439,466,514,502,492,432,406,437,441,433,463,440,418,455,442,460,421,497,490,455,474,464,444,502,509,512,453,498,471,481,462,493,418,402,474,469,476,479,504,472,444,504,462,512,502,474,490,454,514,491,463,536,648,546,464,486,550,619,561,542,544,497,492,507,516,562,506,489,457,482,481,537,493,485,475,422,472,475,525,480,467,505,441,425,498,494,488,463,477,503,496,536,542,512,538,512,481,509,497,523,557,514,539,484,511,525,512,474,500,507,439,469,478,504,510,529,528,425,471,455,541,521,518,532,457,532,534,504,519,544,536,545,539,570,580,597,576,602,570,528,587,618,628,579,638,610,578,634,602,605,596,658,615,608
88b7fc7ac7425e82b1b4866e5b28bf72
65,56,47,65,50,65,70,60,62,69,62,59,74,76,70,60,64,64,67,70,65,58,63,64,67,77,79,98,85,84,85,88,93,81,93,98,87,64,72,72,82,84,71,77,82,87,90,92,89,85,96,93,87,71,92,98,81,98,103,90,92,95,78,92,84,89,82,88,87,73,78,90,85,100,94,83,86,99,100,75,78,85,86,87,89,77,86,84,79,98,94,87,88,90,94,94,91,140,139,101,115,101,110,102,95,88,100,98,102,93,104,93,86,94,76,86,107,90,74,91,98,99,118,96,99,78,87,109,97,121,100,116,114,107,110,99,92,117,97,97,92,105,103,84,97,102,92,105,102,88,99,107,88,93,92,112,97,99,126,105,107,92,96,85,102,100,87,120,101,110,101,118,101,95,108,102,107,113,99,135,105,102,114
b7522cc91cf57ada15de2298bfd6a3ee
206,206,199,195,213,202,196,212,212,193,211,218,195,210,218,203,217,190,220,216,191,182,190,205,205,189,215,210,201,200,248,230,239,247,240,214,212,246,247,264,249,217,208,193,235,233,244,203,217,233,243,235,246,236,238,237,225,237,227,215,252,202,195,210,218,217,209,209,237,209,197,237,262,788,1120,877,525,415,345,347,375,355,374,323,350,344,331,331,353,357,288,265,264,299,282,254,249,236,265,270,288,230,199,239,223,238,213,253,248,243,228,210,203,230,225,229,236,230,220,240,234,239,241,238,231,235,209,227,237,242,232,216,227,220,228,236,280,249,250,196,237,255,216,246,244,311,468,418,415,389,395,393,389,442,367,393,381,390,366,371,337,324,335,366,362,318,338,306,335,347,320,309,305,301,297,324,279,307,340,334,312,315,288
b6a175a48743caed6d035444c069ab64
69,58,43,63,58,55,58,52,43,63,50,69,50,52,64,69,59,70,41,50,63,60,59,65,64,74,67,74,97,83,98,87,97,84,92,93,97,83,88,88,84,94,103,85,86,91,84,101,110,99,87,94,104,73,98,94,90,80,82,104,109,96,101,123,93,82,87,105,105,105,116,131,158,132,112,114,123,110,102,98,92,99,90,90,100,85,80,88,72,81,92,78,91,97,79,95,84,96,101,86,113,88,87,87,93,82,91,83,105,91,112,84,100,110,86,88,109,110,112,94,82,96,89,95,89,79,83,105,104,113,111,96,96,92,93,93,101,101,86,70,90,100,77,76,99,79,101,87,95,94,91,91,91,86,74,95,74,97,97,91,81,72,108,110,93,91,97,85,84,94,95,94,86,108,102,93,101,119,104,103,98,95,89
aeae35529086c0b12777b314222d7930
1,5,1,1,0,2,1,1,0,1,1,0,2,0,3,0,0,1,0,0,1,0,0,2,1,3,1,2,3,1,3,4,1,1,3,1,1,3,2,1,0,1,2,1,2,0,0,1,2,0,3,3,1,2,1,0,1,0,1,1,0,2,0,4,1,0,1,1,2,1,1,3,0,0,0,2,1,1,1,2,1,2,2,3,3,1,3,1,1,1,0,3,1,0,3,2,1,0,1,1,1,3,2,2,1,2,1,1,0,0,2,4,4,0,2,2,1,1,2,1,0,0,1,1,4,3,1,3,2,1,1,1,2,1,6,5,1,1,2,2,4,2,3,4,1,3,0,3,0,4,1,2,3,1,4,2,4,1,1,3,5,0,2,6,1,1,1,0,2,1,2,2,3,1,0,5,1,2,4,1,5,4,3
3964ee41d4e2ade1957a9135afe1b8dc
172,148,164,179,184,159,189,180,170,139,154,153,151,182,163,164,158,162,173,164,182,190,170,196,175,214,201,207,236,223,186,210,195,210,264,229,205,227,212,212,218,223,236,206,222,198,213,228,241,223,244,243,215,216,229,251,228,244,234,272,244,235,241,270,238,224,236,236,236,234,235,232,258,260,246,240,237,253,219,220,223,230,222,225,252,221,248,280,246,262,282,280,264,263,261,229,278,265,282,294,273,267,256,250,247,232,251,259,262,291,285,226,259,286,248,270,264,283,282,266,266,284,280,275,297,255,290,312,286,317,276,269,262,241,262,295,284,273,270,248,245,244,240,260,274,279,252,273,286,272,276,232,288,257,236,253,270,261,272,264,247,238,242,276,275,236,306,235,230,263,265,264,282,278,240,246,293,288,252,259,258,271,238
25739ad1c56a511fcac86018ac4e49bb
17,28,22,20,19,16,17,19,17,24,26,20,22,22,18,18,22,18,22,17,23,22,23,22,23,21,30,34,27,34,44,41,49,39,39,39,40,38,40,30,41,34,41,37,41,43,42,42,42,44,48,34,47,41,64,55,54,45,49,57,58,79,58,61,60,51,56,56,61,49,43,48,58,80,73,66,58,67,66,79,66,57,73,64,68,54,62,56,75,79,57,55,76,69,83,71,80,73,84,70,75,75,87,67,73,61,72,71,79,90,85,79,53,64,75,92,67,74,68,79,79,74,120,153,136,91,90,88,85,83,85,94,79,70,92,89,77,90,66,57,75,74,79,77,74,91,64,75,77,79,68,84,94,75,80,94,85,93,89,100,93,97,95,122,90,94,86,80,108,106,100,115,97,116,97,83,110,103,110,114,116,111,98
e6e2fff03cc32ee9777de2c2ed5bac30
69,58,69,68,78,69,68,67,83,81,82,90,88,87,99,81,95,92,88,91,95,94,89,104,100,98,97,100,103,90,99,129,114,95,110,97,95,114,100,104,112,109,117,106,94,120,113,127,134,133,142,131,124,131,121,142,124,97,131,123,107,94,114,100,110,106,128,108,112,117,117,121,135,125,136,111,107,107,117,123,116,114,135,130,123,122,120,131,120,115,101,107,105,111,121,121,118,116,136,113,102,116,105,112,117,119,112,124,116,115,116,95,124,149,151,124,128,149,151,150,145,159,140,145,133,142,148,134,130,154,160,145,139,154,177,154,150,147,138,153,160,159,127,151,146,152,144,142,178,142,154,160,142,161,135,152,147,163,171,147,160,140,131,151,135,131,154,153,153,143,152,150,158,153,146,156,141,156,167,171,173,170,156
28e32be6ba67e0c6fdfdff80ce07dfd4
29,37,35,38,33,39,33,30,33,74,92,102,97,92,97,146,268,262,299,299,251,257,237,148,166,152,142,159,145,135,167,145,165,148,126,152,124,159,135,138,131,125,126,133,122,112,128,126,121,124,111,142,125,132,125,119,127,149,158,126,160,115,100,127,108,115,129,130,138,108,134,135,139,121,125,134,135,148,131,116,109,115,130,116,117,140,111,113,114,125,113,103,110,104,122,117,111,104,111,125,120,123,131,124,125,130,98,131,116,136,144,121,100,116,117,131,135,138,121,101,129,109,105,121,138,108,126,113,133,126,124,124,124,107,116,134,125,113,118,114,83,115,119,111,130,128,112,89,97,111,132,117,116,80,93,131,126,113,102,112,94,90,98,121,112,122,125,110,105,117,115,129,110,116,93,97,91,119,107,94,111,91,100
2ec1450a1389d4e3fc2a9a76c9378bb3
239,212,212,213,225,253,273,266,220,203,236,450,665,1611,2503,2290,1722,1124,956,970,861,764,702,631,627,658,634,659,676,598,571,593,546,518,526,492,513,440,435,435,535,568,547,531,487,460,479,461,465,464,446,407,398,484,482,505,454,424,417,455,455,419,336,426,435,437,423,390,454,401,419,400,416,394,403,394,367,383,396,399,393,349,371,364,409,362,409,392,346,388,378,375,368,374,386,382,406,371,389,377,386,368,374,394,370,385,367,349,364,360,409,408,417,432,412,365,378,377,380,445,402,393,368,387,412,371,407,377,359,401,424,390,349,378,345,344,361,363,383,351,363,348,363,354,380,346,338,349,316,320,352,328,379,367,365,338,342,378,361,396,379,380,376,406,374,362,384,369,364,353,351,367,370,375,316,371,314,320,337,365,463,408,420
445a257964b9689f115a69e8cc5dcb75
40,33,39,35,35,52,31,36,39,42,34,31,36,46,39,44,45,34,30,45,39,42,28,39,40,43,45,35,38,47,26,36,39,33,39,34,38,38,33,46,28,40,45,47,38,35,41,34,40,41,39,48,52,39,44,51,49,50,46,36,35,46,465,629,430,229,163,136,125,125,131,119,134,106,113,101,98,88,99,98,96,83,98,109,115,106,108,104,134,180,270,340,383,390,360,341,317,296,306,318,282,273,283,275,233,242,231,227,210,213,190,206,155,170,189,158,162,170,140,142,155,167,158,169,149,155,141,135,149,141,137,152,123,155,131,128,134,129,129,108,123,112,114,140,138,142,140,119,151,126,117,121,124,122,107,123,139,134,109,117,108,125,94,107,126,102,92,92,108,120,94,109,116,109,101,104,98,93,92,103,125,118,94
bf21d16799b240d6e445fa30472bd50b
7,8,8,15,12,6,11,12,10,9,12,15,12,11,9,15,14,12,10,12,14,14,11,11,13,11,9,16,14,13,16,8,12,15,15,14,10,10,10,13,9,9,13,5,12,9,9,13,15,12,14,10,13,11,13,12,7,14,6,16,11,10,14,17,11,7,11,10,8,16,14,13,11,19,13,16,15,20,9,21,16,9,12,25,16,13,14,15,15,20,14,13,20,29,37,19,28,17,13,11,16,19,19,16,14,9,11,16,12,11,14,11,15,15,14,12,11,8,8,13,12,12,13,13,9,7,13,13,13,8,16,7,12,13,12,15,14,11,9,11,14,14,17,15,13,14,9,9,10,10,12,12,9,10,10,8,17,13,6,9,9,11,14,17,18,13,14,13,9,18,13,15,12,14,12,12,9,9,16,14,13,11,12
53f4a671503519366ba36ad29152db78
106,77,95,97,90,109,99,90,95,120,93,123,103,100,119,99,108,102,102,88,106,99,122,110,93,105,109,101,105,121,109,113,100,121,139,116,133,112,107,123,111,110,124,108,99,109,114,124,141,124,125,108,119,137,124,110,114,103,107,125,129,111,118,118,113,117,117,117,140,128,135,122,118,156,141,141,130,112,122,132,126,130,128,133,122,116,129,128,120,122,135,135,130,120,138,129,122,123,119,115,111,113,105,114,117,138,136,136,138,123,102,140,119,138,113,115,139,130,126,125,132,127,129,133,135,127,126,151,104,124,150,140,143,149,138,141,149,141,123,141,135,122,139,113,133,137,124,141,125,136,133,126,125,148,135,135,140,140,152,145,156,146,146,149,151,139,141,151,162,155,131,135,145,145,153,134,136,149,150,155,145,140,171
c026b84e8f23a7741d9b670e3d8973f0
170,170,154,155,156,146,145,127,156,137,142,138,136,136,209,201,161,178,165,161,150,159,148,158,163,173,147,137,166,181,188,192,192,229,189,191,225,184,232,236,215,207,183,212,202,221,235,197,194,204,203,215,205,199,205,216,197,220,203,211,182,169,177,216,195,213,201,281,285,305,322,298,297,315,336,320,297,299,284,289,275,293,297,261,281,240,262,258,237,258,261,265,263,258,268,231,262,252,263,253,284,260,260,288,255,268,260,228,247,271,269,224,202,269,269,278,291,281,275,288,277,281,279,293,302,267,275,272,300,307,309,237,278,270,278,303,299,258,256,239,269,271,285,584,1011,1244,1286,1366,1307,1231,1214,1196,1281,1157,1052,1166,1251,1014,934,933,853,798,973,1144,1008,891,1081,937,883,944,873,836,769,839,697,726,781,779,791,753,722,653,657
0c80008b0a28d356026f4b1097041689
58,50,56,65,60,69,60,65,53,64,58,54,60,62,63,72,83,83,79,68,91,91,79,87,86,85,100,101,91,94,83,97,90,94,91,116,109,114,92,103,120,109,77,109,117,142,109,106,124,117,113,105,147,110,128,139,131,106,124,122,127,136,150,150,127,146,131,138,135,142,129,125,135,129,183,191,171,172,168,148,155,143,139,173,150,136,126,124,153,139,137,145,136,144,134,128,147,149,135,166,143,138,140,136,123,133,154,154,148,143,141,133,133,141,147,138,144,152,135,149,150,145,156,144,151,152,156,144,144,140,149,129,145,137,151,166,135,137,159,132,132,143,147,128,149,131,116,123,133,139,137,152,151,167,134,140,141,153,149,118,153,149,149,128,165,152,142,170,125,142,163,163,158,142,155,138,143,159,133,180,184,138,162
33fd0a2cfcfd24e114707bba71ca1de9
56,38,62,54,53,50,63,58,57,67,46,58,64,70,54,68,60,47,62,59,54,51,63,59,62,62,56,65,66,75,73,80,86,84,84,71,71,79,78,85,90,80,71,69,98,81,77,83,78,99,87,79,92,82,80,105,87,95,85,96,75,82,84,112,85,77,105,79,81,74,99,70,92,86,79,109,91,101,86,83,97,96,102,102,98,102,83,97,92,79,108,102,88,94,84,89,101,106,83,100,101,101,82,79,99,95,73,89,108,82,96,82,80,99,96,88,96,95,87,102,92,106,95,123,78,96,109,101,101,112,116,102,94,111,101,108,104,97,96,86,103,92,89,86,85,93,99,77,91,106,92,105,106,89,82,95,97,96,101,88,74,99,96,96,107,109,103,104,97,99,101,107,103,105,92,90,110,92,126,162,139,124,112
7e0db58c13d033dafe5f5e1e70ff7eb4
351,328,289,272,286,279,285,300,297,285,298,294,295,270,251,299,293,311,299,310,351,328,302,344,330,318,325,328,309,389,410,447,433,400,409,381,406,400,398,452,425,408,352,400,415,437,440,408,411,428,400,432,461,477,457,430,434,455,437,476,460,403,389,430,471,406,459,459,484,423,458,452,476,494,496,455,430,434,460,434,416,466,461,409,421,440,468,455,461,491,413,422,462,473,510,458,478,483,447,481,513,475,537,520,471,509,554,520,469,488,545,463,401,471,485,535,544,518,492,465,504,500,512,557,482,484,503,488,487,563,540,516,482,482,542,551,505,514,508,449,443,495,445,500,500,490,458,464,455,484,480,499,472,413,388,431,435,446,453,445,433,409,405,427,424,403,422,364,404,406,422,441,455,450,438,429,449,450,453,441,478,517,522
bc14447beab5353ef057c3ec90199576
609,582,538,480,448,440,449,529,496,474,510,484,466,577,584,574,575,581,582,519,566,574,514,527,488,496,510,556,603,575,656,657,585,655,593,561,651,712,691,590,699,657,726,681,714,757,534,680,646,682,662,742,773,584,700,621,662,705,783,763,590,721,588,683,629,756,838,649,778,673,728,774,919,862,652,786,659,735,711,825,849,642,770,756,781,713,806,880,662,783,749,763,705,836,903,703,797,731,766,741,853,863,664,812,705,785,729,821,903,636,767,628,662,754,805,908,662,779,654,732,794,905,875,729,843,763,807,813,892,959,780,828,718,782,769,876,899,679,769,623,748,716,793,856,833,964,703,661,726,918,907,713,739,639,712,667,867,891,649,773,589,718,721,859,865,609,728,610,679,694,807,873,623,751,657,713,740,899,896,687,835,717,824
ca3e42dfdb7529d540141548674bc63e
119,114,140,138,139,145,134,146,121,149,150,171,184,176,185,152,138,146,165,139,147,147,136,145,178,162,184,118,147,144,159,168,141,181,160,144,163,171,171,181,170,173,147,148,149,261,213,204,181,202,208,236,214,224,210,184,214,214,180,196,206,177,141,166,155,178,174,177,193,178,169,172,192,177,185,179,183,178,152,175,173,226,206,213,207,239,265,216,177,178,177,174,185,201,199,211,356,344,369,312,300,269,296,291,274,258,231,219,223,215,262,193,194,200,197,199,215,219,219,200,206,212,241,217,203,196,192,214,213,208,202,229,235,234,246,243,227,266,225,219,235,228,255,245,276,222,239,221,235,224,241,276,225,231,221,230,248,262,234,272,236,220,253,220,252,239,271,246,252,238,234,239,235,225,235,224,258,264,897,1229,762,297,298
cbc53d8b2da2e34974c29b7fc6534444
2,2,4,2,1,1,1,2,3,2,2,2,2,5,3,28,106,89,104,133,134,151,149,185,268,276,278,306,304,336,210,236,223,219,240,232,235,195,182,240,240,229,236,270,226,235,229,228,220,206,195,200,200,207,249,203,169,185,192,193,179,181,161,167,152,145,160,180,172,159,155,146,181,147,158,161,150,131,148,155,167,150,160,128,130,107,141,118,134,134,141,119,122,134,132,128,119,119,117,112,108,142,136,106,126,115,129,116,95,100,125,88,80,104,105,111,97,111,96,93,100,114,104,100,100,99,89,97,95,97,110,89,95,86,96,98,114,101,105,86,82,105,91,97,90,116,87,68,88,76,89,74,95,91,75,91,88,89,101,76,76,91,85,103,89,85,90,74,88,83,87,93,79,99,75,61,96,72,89,95,84,95,79
4f3f68292e50f39cd8142733512c07d6
149,149,149,155,187,173,163,167,201,290,339,210,174,183,174,161,196,178,175,158,163,164,153,159,162,188,180,180,183,216,248,235,292,318,278,293,292,485,405,288,289,306,291,288,278,246,264,289,317,328,270,263,244,253,264,288,294,262,276,253,271,281,291,323,263,298,299,335,359,334,309,292,277,273,294,286,288,329,331,349,292,311,307,302,317,301,311,283,308,331,351,335,292,324,315,320,298,317,335,346,332,291,290,315,314,322,314,330,302,311,319,323,277,318,301,288,298,287,312,375,324,323,299,301,303,328,374,356,356,393,415,380,418,346,321,320,321,340,333,321,373,322,336,366,406,322,333,341,348,315,310,343,332,325,333,327,305,334,317,321,313,373,360,332,356,283,311,302,316,295,318,280,328,289,328,341,308,310,297,324,317,314,351
c34f751524776063c5ef8d4d4ebd1d19
28,28,32,28,25,26,40,32,27,29,37,36,29,29,33,33,40,31,27,24,28,43,33,30,24,29,40,31,29,41,25,38,32,36,34,32,30,29,41,32,33,34,35,26,28,27,31,31,27,28,31,36,30,34,34,32,19,26,25,28,27,30,37,26,23,31,24,21,33,34,26,30,24,37,29,32,36,28,34,33,22,36,37,39,36,34,24,36,28,28,25,33,47,28,30,33,26,32,30,34,34,32,36,46,34,34,25,27,35,31,28,31,32,33,34,30,33,34,30,47,56,49,47,37,40,50,48,39,48,47,33,44,39,37,37,50,44,45,40,42,30,41,33,38,36,36,32,41,33,41,40,43,46,51,41,47,56,56,41,43,41,43,45,41,43,45,55,47,46,54,46,37,41,44,57,52,41,47,59,58,65,47,54
67b79ef977a160835c9bd75fd610c1af
121,103,124,99,104,102,117,106,108,136,135,108,106,126,113,108,104,132,127,129,132,136,126,133,136,138,146,161,174,170,153,123,130,153,167,186,170,168,176,201,170,216,192,194,186,203,216,211,236,202,180,186,230,200,208,243,245,216,226,222,192,180,193,219,199,219,238,196,189,213,201,182,205,189,203,213,213,193,209,208,196,219,242,226,216,249,223,219,219,222,216,213,209,223,254,225,233,256,237,274,217,246,266,239,238,205,240,230,223,248,235,222,195,228,234,229,245,219,244,244,224,236,234,249,222,238,251,249,277,274,268,257,256,233,241,251,223,265,222,223,251,218,212,238,220,228,243,222,247,239,228,247,217,242,229,236,220,244,262,244,206,209,226,226,233,227,242,243,211,244,216,213,223,255,234,234,249,245,267,246,272,247,231
6f462b173b2d6d20a2c9fb1ec0fd2dda
238,216,294,354,326,452,928,1047,585,384,404,388,382,277,290,263,264,209,214,198,204,188,196,200,178,180,189,369,365,288,235,256,254,285,272,289,258,240,244,242,252,235,273,232,223,263,210,221,217,290,212,216,232,215,244,225,280,213,217,195,196,217,194,270,200,210,223,208,199,192,250,214,213,232,204,210,210,269,210,193,197,180,207,184,244,180,180,198,212,193,191,258,232,194,198,206,230,363,431,359,288,277,256,247,215,271,322,352,321,250,269,239,290,248,219,221,239,226,208,252,212,208,216,217,233,223,265,229,214,258,309,370,344,387,407,400,370,350,358,331,383,314,261,222,260,272,228,244,232,237,259,244,257,230,285,268,218,293,253,226,212,248,237,238,243,239,229,192,242,209,223,237,215,224,162,236,262,230,247,206,228,195,234
cc865517bdfc45b0986ffee5dc1a56c5
432,374,431,435,383,366,412,579,608,620,606,560,551,505,543,670,622,559,530,555,508,533,470,479,777,946,836,804,774,721,809,692,720,742,680,642,902,893,737,691,615,694,804,616,653,588,601,562,567,558,523,620,521,597,791,911,633,567,618,564,551,570,507,609,521,651,588,593,588,549,605,633,793,614,626,601,562,627,632,702,674,725,620,679,637,610,670,618,648,671,625,624,538,645,574,579,600,573,620,528,676,504,592,732,850,702,586,619,591,630,591,519,502,521,586,564,553,545,558,600,551,656,576,573,509,508,571,525,649,571,603,640,591,632,624,670,584,583,622,593,592,519,579,522,561,593,535,554,615,762,576,611,562,535,518,524,647,545,587,573,586,569,621,655,623,598,552,547,540,517,644,539,579,573,583,594,537,699,565,626,626,555,565
6a493121e53d83f9e119b02942d7c8fe
176,154,118,121,119,87,100,111,131,110,104,81,100,95,100,126,107,93,92,82,96,105,130,98,99,130,104,112,115,159,166,148,146,188,171,165,231,187,147,156,154,208,205,214,216,187,161,142,212,196,274,242,213,200,189,214,221,285,255,195,181,195,204,193,235,216,249,219,242,239,227,271,234,192,186,210,244,238,270,227,228,192,207,244,246,260,264,250,209,200,254,239,270,248,218,177,210,261,251,286,287,226,207,210,243,225,272,255,233,200,201,244,228,264,240,226,210,187,248,256,306,280,255,223,230,247,254,286,282,260,205,219,251,221,283,291,241,238,204,256,230,294,247,222,178,213,246,208,249,217,203,177,195,220,172,263,253,238,181,189,208,199,252,219,204,165,192,251,187,289,256,212,184,200,224,207,271,209,212,179,192,206,168
8da51d03b8b8717431e8b902856fb45e
298,290,323,340,348,345,294,296,312,406,418,348,417,424,442,434,413,359,363,359,366,374,347,321,355,436,456,370,424,443,468,454,472,552,550,563,564,509,480,507,505,440,418,451,465,547,536,521,530,530,509,521,527,522,536,456,502,513,470,460,517,510,455,486,476,520,549,543,526,496,455,479,520,721,774,774,680,680,687,661,689,683,594,611,619,599,636,620,653,611,582,579,614,625,607,619,617,571,592,605,630,648,650,612,565,628,603,567,578,616,600,492,514,601,597,594,613,600,611,570,581,642,622,658,660,603,584,668,665,643,635,624,583,605,557,623,597,618,626,507,564,567,605,602,566,547,511,562,569,583,608,589,509,525,517,540,564,577,623,530,552,567,631,645,680,623,610,568,596,599,603,635,604,646,591,615,602,647,630,616,571,545,571
8f29cbc2a555034643d66f9e83dd7a7a
44,50,41,61,54,49,58,52,57,48,43,55,48,40,46,28,47,47,43,54,52,48,45,50,40,45,54,42,47,45,60,54,52,46,50,47,49,41,53,44,47,48,42,47,51,49,41,49,46,50,47,48,43,46,46,51,56,60,50,48,67,63,64,68,53,48,64,66,76,75,83,54,71,80,63,56,64,55,72,68,63,63,54,64,60,56,48,54,56,38,58,54,64,56,75,56,63,63,66,69,60,41,59,63,57,61,55,41,62,51,62,52,52,50,51,52,50,56,50,64,55,64,63,47,53,44,46,55,61,43,56,73,56,61,64,68,67,61,47,45,45,64,51,59,55,43,46,49,61,57,53,56,43,45,46,52,52,52,73,61,70,71,69,56,79,80,76,64,63,76,70,56,69,82,70,65,84,80,86,88,86,96,85
a581aaeb73a9ce7f6806eb1e56e319b6
145,120,101,110,128,78,86,93,67,94,84,77,83,72,75,72,83,76,70,70,95,82,95,78,78,73,87,78,94,87,89,82,80,89,85,88,80,82,86,71,70,94,102,88,80,97,91,90,104,82,78,92,97,106,78,91,104,83,168,119,117,106,110,111,71,94,97,99,97,106,101,98,94,97,104,89,113,95,115,97,95,103,94,94,84,96,98,102,105,126,154,151,138,127,121,117,125,111,100,107,119,124,122,109,108,123,131,143,125,121,104,116,110,105,117,105,103,103,105,106,109,100,100,109,103,86,113,110,99,113,98,113,86,93,101,101,97,91,139,124,114,111,108,110,106,111,100,83,99,111,110,101,103,96,115,108,113,114,138,101,110,149,143,137,129,94,118,106,112,117,128,128,100,104,111,98,106,105,120,143,106,115,93
3e7fdf37b2930d7804651b590ed02e72
107,115,129,162,120,126,145,136,135,124,125,142,131,146,124,145,324,446,314,180,157,157,160,137,228,261,212,232,227,243,263,265,229,248,179,201,322,320,263,218,206,197,201,237,253,224,242,225,217,254,264,287,264,239,254,227,257,245,245,253,208,232,196,283,242,262,259,236,231,227,228,202,280,220,206,198,213,240,225,292,280,284,265,210,228,218,234,237,201,200,209,238,198,233,196,188,215,189,245,212,224,186,220,210,193,216,247,251,222,227,237,213,239,218,272,237,212,233,232,227,228,259,249,245,217,217,249,242,239,246,255,244,237,253,247,304,263,256,243,235,266,246,261,261,240,267,256,306,268,298,287,310,304,273,258,270,275,280,274,250,221,282,241,299,260,289,312,267,294,253,297,293,251,258,260,265,237,293,270,290,277,269,295
572a524c866685f2b0bdea2736e7c235
124,129,125,136,142,99,114,127,111,121,115,100,133,127,117,112,104,129,101,129,128,112,112,111,114,117,120,121,88,126,167,137,131,135,139,130,131,109,117,118,107,92,112,117,101,122,119,102,101,118,121,121,129,105,95,112,102,92,105,103,124,100,94,111,106,91,104,101,106,86,109,86,97,95,94,88,84,76,83,91,78,78,94,81,77,98,94,94,89,82,71,84,79,92,101,99,110,106,88,97,109,100,82,99,98,94,98,104,92,95,111,91,75,93,106,84,87,110,67,86,103,116,119,112,150,98,97,89,108,102,118,98,90,94,96,114,115,98,97,87,92,98,95,108,93,98,83,96,106,106,111,105,84,87,96,113,99,101,88,101,78,77,93,130,101,102,105,79,96,99,96,99,101,110,95,89,109,99,108,119,114,93,101
099cd99056bf92e5f0e384465890a804
490,511,560,562,484,728,856,734,1037,907,799,883,835,819,816,687,685,675,637,631,613,632,651,727,755,757,706,633,650,662,696,644,641,621,610,604,641,580,584,566,576,611,594,930,998,872,747,707,671,676,702,677,664,679,686,664,692,686,684,653,687,624,584,657,644,604,617,633,585,596,591,578,633,601,640,569,563,558,605,552,573,697,671,646,652,699,657,666,691,594,666,598,631,641,603,598,551,615,584,651,635,727,722,733,659,631,733,690,684,729,662,679,667,727,671,634,700,665,740,630,700,704,742,790,717,764,751,743,719,717,1531,1365,1159,1009,971,926,826,867,813,715,791,806,2431,2364,1140,1053,888,851,978,1044,956,985,876,813,794,906,857,837,828,742,727,722,810,748,763,706,692,673,688,741,841,871,876,921,834,819,837,881,893,952,897,806,849
82fda1f850a9fe22e41b5c8dadaff4ac
80,71,71,74,70,69,79,77,74,81,57,70,69,70,80,52,56,68,56,69,75,91,64,58,209,153,102,119,114,141,130,105,123,109,121,105,94,88,84,123,111,106,99,90,91,111,105,93,102,88,86,103,94,100,102,103,94,89,87,104,121,100,93,96,108,76,90,86,102,92,94,92,96,89,110,88,88,97,96,96,91,102,94,93,100,72,70,89,101,94,92,108,97,79,98,100,100,106,97,96,114,97,100,102,93,99,105,107,105,122,88,76,98,83,164,115,106,98,96,81,80,81,95,129,105,89,63,76,94,86,101,91,67,82,88,85,86,104,106,83,97,99,85,74,102,99,84,93,87,93,81,102,95,89,90,100,80,100,107,96,82,82,86,88,87,95,88,69,72,72,100,85,103,94,77,72,77,74,85,94,75,76,57
c5f0170f87a2fbb17bf65dc858c745e2
762,705,754,743,682,663,662,672,673,699,750,706,713,679,714,794,738,749,736,713,796,960,934,852,797,769,792,770,788,832,829,945,915,934,814,844,916,899,939,875,896,1061,1113,984,977,1048,936,900,898,865,951,976,1007,953,982,958,965,939,960,976,962,951,920,957,967,1016,1009,1077,1045,1035,1010,1003,1186,1123,1061,1078,1028,1091,1053,1118,1143,1092,1075,1008,1019,1046,1066,1112,1057,1048,1000,1020,1005,1059,1139,1078,1064,1076,1025,1044,1136,1110,1074,1050,978,1017,1063,1083,1109,1037,1053,981,908,985,978,1060,1072,1032,1008,980,1072,1026,1095,1125,1069,1028,1064,1035,1075,1182,1201,1183,1027,1036,1138,1134,1221,1161,1177,1179,1167,1262,1248,1368,1341,1306,1290,1395,1391,1351,1367,1265,1301,1148,1130,1233,1320,1311,1272,1211,1128,1074,1217,1270,1310,1195,1241,1165,1128,1185,1217,1232,1226,1174,1142,1083,1132,1144,1197,1172,1198,1152,1033
1339f978614ff19cd48f07e5420556d4
33,27,34,34,36,27,27,26,34,29,31,27,28,31,29,23,32,32,28,31,38,36,19,28,35,34,21,30,47,42,37,54,36,47,49,45,42,51,41,43,50,48,49,56,48,40,34,46,56,51,42,44,53,32,57,57,57,58,57,48,48,67,54,53,37,37,38,47,42,46,39,35,48,42,52,43,40,52,33,39,57,48,38,32,45,53,40,43,42,43,51,39,43,40,42,49,46,49,45,48,40,49,38,43,46,45,40,41,40,45,51,52,43,37,46,44,54,47,57,47,55,48,52,62,51,42,51,60,59,48,51,49,53,53,59,59,53,44,59,41,47,45,45,45,43,45,48,44,40,48,43,44,43,61,49,46,47,43,46,51,37,44,41,46,45,44,44,41,47,40,46,45,40,41,50,44,58,44,35,51,43,53,50
6392ef7a5910d918327e7121b821bcc1
11,12,21,12,7,12,11,11,12,13,11,11,17,15,8,15,10,11,21,10,10,13,10,11,13,15,15,11,9,10,13,10,17,12,9,7,9,8,10,10,10,10,6,10,12,8,13,5,11,10,7,8,16,6,14,10,16,14,17,20,8,10,14,12,12,13,16,10,11,16,15,13,13,13,15,17,14,12,13,12,15,10,12,8,15,17,14,22,23,15,11,6,12,12,18,18,13,14,11,15,21,20,30,24,17,16,14,16,13,12,14,20,18,16,17,14,16,20,23,22,15,20,19,14,15,22,10,19,21,22,28,18,30,35,28,22,23,30,26,14,22,20,17,22,44,51,32,27,27,22,16,20,15,22,9,21,28,20,17,22,18,23,31,30,29,29,22,15,23,25,24,19,13,17,21,17,21,23,16,25,26,33,33
14c4faf6682ac1bb86d346d9a2a1f8e3
335,330,359,334,303,346,309,342,343,348,337,362,314,324,331,316,348,342,350,402,372,396,381,420,389,399,402,390,405,439,451,432,429,447,430,444,429,401,442,403,416,420,445,406,407,409,413,383,440,454,410,448,435,408,473,429,461,415,405,411,400,444,393,387,429,442,443,420,438,427,444,401,439,421,408,437,421,455,461,455,438,435,447,456,465,437,472,463,431,439,396,437,425,371,425,450,394,406,444,409,424,437,423,403,449,452,407,430,444,447,468,414,462,450,401,366,458,458,468,451,444,452,468,494,475,510,486,488,495,506,519,466,479,520,482,470,460,486,527,546,496,514,503,548,533,509,522,508,487,484,546,494,509,512,509,530,507,505,529,530,525,558,525,566,554,569,546,572,574,512,542,538,522,547,568,546,548,543,566,557,525,515,531
fa1e6939f2a827f3521bfc29b54cc22e
33,30,26,32,28,26,30,37,25,25,37,34,36,35,32,30,30,26,42,28,32,39,32,33,27,27,41,35,42,48,41,39,42,47,48,58,52,62,60,56,53,56,48,43,41,54,55,64,66,71,59,71,56,64,70,73,80,65,63,60,67,69,57,65,68,70,62,67,67,63,71,64,58,66,75,66,65,66,75,60,66,77,62,73,78,62,59,70,62,72,67,56,71,57,62,71,79,72,79,81,83,65,85,72,76,83,76,70,67,77,76,70,68,80,77,71,95,73,76,81,91,82,88,88,79,79,87,85,113,80,96,101,79,84,95,95,94,90,77,85,91,94,95,85,80,80,84,69,91,78,79,101,78,78,68,83,81,80,79,98,80,72,80,71,79,83,87,75,85,79,68,81,71,84,77,79,88,92,89,83,85,68,76
aa23b111abed5ba5012bc20025e29acb
15,20,17,34,24,13,25,24,30,27,27,20,28,31,22,31,25,33,24,25,40,28,24,22,37,20,17,48,37,27,40,43,34,23,53,39,26,34,59,30,40,61,40,22,25,64,22,45,50,32,19,27,71,30,41,53,45,21,29,63,22,57,49,35,32,24,75,24,55,50,40,20,21,75,25,42,63,36,29,21,61,26,60,52,29,33,30,49,29,27,39,39,23,23,51,29,24,55,29,23,29,51,28,27,58,30,30,27,56,27,23,75,30,22,19,43,29,28,64,31,24,31,54,37,38,67,33,31,31,53,38,30,61,27,28,26,51,26,23,59,27,38,31,71,44,44,63,50,49,45,71,48,40,53,42,33,32,71,43,33,76,42,41,39,67,41,82,157,68,53,44,78,50,57,74,47,52,46,85,70,58,104,51
025943df23acf5d3863b35fa6e0d79ec
72,60,62,182,103,65,75,84,68,74,71,91,75,76,84,73,71,69,75,87,74,80,88,82,73,73,76,86,84,89,139,137,98,121,82,113,119,146,129,86,127,183,173,184,185,265,188,190,153,165,170,188,184,122,120,134,142,142,203,219,151,127,114,151,144,157,206,141,122,114,132,121,169,183,229,244,143,163,129,174,284,251,189,175,185,152,187,208,143,154,136,171,136,175,208,124,142,128,156,143,167,202,137,127,108,146,145,156,171,149,146,99,119,122,177,194,135,123,116,119,117,163,193,129,139,99,137,130,171,224,144,133,93,125,115,173,180,112,109,100,121,135,130,185,122,124,120,156,132,183,184,133,295,245,185,194,215,231,164,163,156,163,122,196,212,146,171,160,160,143,183,198,153,180,156,163,173,200,206,159,177,156,172
419ed8822ed44d8ee0d991e8686a13bc
656,659,715,744,722,745,701,698,721,708,673,706,762,736,709,705,739,735,782,772,790,745,717,805,773,748,825,881,911,866,1004,1008,933,985,917,923,1021,920,920,902,927,1028,1221,865,892,905,1123,1015,988,1009,934,986,1028,981,1006,983,1018,947,931,922,938,945,861,925,893,958,964,960,860,890,879,863,915,909,874,830,874,897,911,833,847,886,828,829,832,980,1014,888,829,954,912,939,927,1046,1121,975,891,894,913,916,993,993,902,860,865,835,849,924,962,921,908,863,807,864,896,985,929,871,906,963,877,948,925,1253,1420,986,942,955,970,1054,1027,1214,994,961,907,892,1094,1104,1076,1004,919,892,945,952,986,894,935,926,938,1037,1097,1025,970,883,899,936,948,992,1018,922,877,885,998,875,989,941,957,938,939,917,903,986,1051,995,914,913,865,906,969,965,932,901,890
c5eac1d455675dfbc99f6c70f7b3971f
19,6,22,12,21,10,11,11,21,21,26,18,13,16,8,9,15,12,14,14,15,12,10,6,8,8,15,11,10,17,27,19,20,20,24,19,15,21,19,14,23,8,16,11,22,18,16,21,23,31,20,16,19,15,20,18,26,15,15,14,13,22,15,9,20,13,11,16,18,15,9,17,18,14,16,21,14,12,15,16,17,17,15,15,13,14,25,18,19,16,19,15,20,17,19,14,12,17,15,15,17,18,14,15,13,17,19,15,16,26,23,17,22,23,28,16,26,20,22,20,25,19,21,21,20,29,23,23,19,21,17,22,24,29,14,24,16,14,21,23,19,22,17,19,23,21,16,16,16,12,15,13,14,16,13,14,15,15,12,18,16,14,12,18,23,19,19,17,19,10,13,14,14,14,12,18,11,22,12,17,17,17,17
61dfd882204789d7d0f70fee2b901cef
77,86,94,95,83,88,92,67,57,61,66,85,74,68,84,84,62,53,47,54,51,71,49,47,57,52,58,42,54,50,49,57,63,53,54,44,45,53,49,51,57,58,48,52,49,57,50,51,64,52,61,60,46,57,51,54,44,54,50,60,58,49,42,49,53,53,56,55,36,45,49,30,50,44,51,55,40,39,32,41,44,38,36,42,46,45,45,33,37,43,32,48,39,33,35,40,34,31,34,33,32,48,42,33,30,35,48,41,27,37,35,34,22,27,23,37,43,21,26,32,22,36,26,36,34,29,31,34,35,44,38,35,32,19,34,33,31,35,38,27,33,38,25,23,30,35,30,21,36,39,27,30,28,28,23,22,28,32,24,34,26,33,32,33,41,29,34,35,34,34,29,27,30,28,23,35,26,39,36,31,22,26,28
d8053444e331f15b1505e999d99887fb
553,601,513,540,558,571,517,483,526,508,531,507,650,605,659,619,634,588,605,580,571,572,567,577,629,587,565,568,602,615,711,691,688,751,699,639,673,722,698,717,744,743,686,746,765,773,747,748,778,749,763,849,852,831,850,880,804,802,803,847,781,769,693,802,784,871,862,829,835,814,836,809,885,943,922,819,805,837,825,835,813,862,939,897,903,1218,1303,1017,975,965,880,895,921,877,900,987,888,803,853,896,945,882,848,854,820,826,891,870,883,888,790,716,684,840,800,899,880,820,822,818,890,915,899,946,880,856,833,848,862,966,940,902,804,894,924,970,948,907,888,765,845,918,965,849,1014,999,840,903,909,871,869,861,871,844,788,856,914,913,929,889,802,819,962,944,961,965,941,864,890,993,956,936,971,982,869,878,951,910,963,939,937,915,891
f5a5373f30de984e9142a206f94a2f46
70,48,45,59,59,65,60,58,53,47,47,61,60,49,50,55,57,55,59,67,69,69,71,75,69,61,77,72,71,70,67,60,85,110,95,101,103,86,88,87,94,94,84,81,98,92,75,99,104,82,74,104,97,96,101,97,87,97,101,91,85,82,87,100,72,89,94,86,107,82,90,86,97,111,113,92,122,92,97,95,96,98,94,99,95,95,91,99,102,96,89,68,94,81,84,93,89,105,80,75,95,88,91,90,84,87,114,92,90,92,97,104,96,90,88,99,88,107,94,84,95,110,129,117,110,76,80,95,104,71,90,109,97,97,97,118,92,91,110,103,98,98,98,115,121,91,99,91,107,115,106,113,109,112,105,116,94,104,109,102,94,112,108,122,130,112,116,114,113,122,122,142,117,125,132,108,149,135,127,136,124,120,104
9338c3a5de1587c389f4c92057354248
16,13,14,9,12,15,10,13,18,13,14,12,13,17,17,20,19,16,14,15,16,13,19,14,16,13,13,23,25,15,11,24,19,21,16,12,16,12,14,18,13,12,8,16,14,19,13,16,12,12,17,22,15,18,18,18,20,23,11,20,16,17,17,19,18,17,19,13,16,12,18,14,13,17,11,9,16,9,17,19,16,16,12,9,36,15,19,13,13,24,16,25,13,17,15,11,13,13,11,17,18,11,14,15,21,18,18,19,14,17,17,7,17,12,13,15,15,17,17,12,15,20,14,23,33,34,26,29,20,16,20,10,22,24,21,18,26,33,28,15,12,22,22,19,19,17,37,35,11,21,23,27,17,15,21,24,23,20,24,24,21,17,26,23,15,26,24,20,14,20,26,27,23,14,14,22,22,30,32,27,30,29,32
b79593426f5360c38beacd2a940b5f22
108,103,98,109,105,101,116,145,101,127,108,123,146,127,110,130,144,127,135,136,106,144,125,131,138,138,128,129,127,138,186,180,177,144,132,164,149,126,145,152,137,175,140,142,162,143,155,135,154,145,153,123,127,137,158,144,168,154,134,116,147,130,139,122,142,135,123,115,139,142,134,128,122,120,169,157,153,162,157,157,154,122,161,142,157,159,152,178,142,144,129,131,141,143,118,154,138,164,154,155,171,167,176,223,214,247,224,185,208,207,193,187,176,203,168,160,175,148,155,180,175,169,170,197,177,162,186,154,153,160,156,158,143,147,173,199,166,165,162,164,148,165,172,150,180,173,151,176,157,170,141,185,151,153,138,147,142,142,170,160,148,149,143,167,142,171,149,126,148,137,125,145,124,162,138,163,173,176,157,156,136,142,162
d8d0b093ffbb4435d4d4d1fbc8ed80c0
107,114,116,110,120,144,139,132,135,124,151,129,146,149,111,120,140,129,129,130,135,135,112,145,136,125,148,133,135,135,159,134,134,129,131,141,150,149,150,139,160,128,130,133,150,167,140,141,131,133,135,141,144,149,144,116,125,109,130,113,122,124,105,97,108,110,121,114,117,126,90,98,105,121,99,124,117,107,103,111,99,128,121,105,111,107,93,100,114,117,100,114,89,99,106,114,122,91,119,119,125,113,97,112,115,125,100,97,96,115,135,118,120,114,111,105,112,156,132,140,130,130,132,124,141,131,143,145,130,152,130,150,151,158,154,152,148,147,144,134,137,138,152,133,160,131,124,140,131,127,124,132,133,151,121,134,148,119,141,145,150,123,115,131,134,105,127,149,130,129,134,135,124,135,139,134,142,121,119,133,144,131,121
92b57b5b5ad06e8cb5e152680601d697
641,563,681,630,552,698,1053,1189,844,925,922,982,988,996,1290,1442,1210,933,925,950,878,1021,810,836,1271,1187,1158,1074,1274,1346,1410,1286,1578,1346,1184,1180,1785,1737,1521,1475,1260,1214,1364,1081,1124,1165,1433,1229,1148,1256,1056,1111,1085,1379,1168,1160,1261,1001,1088,1104,1537,1296,1156,1279,1080,1159,1132,1412,1264,1197,1190,954,1096,1119,1442,1104,1072,1148,1026,1070,1029,1370,1149,1149,1146,940,1063,1038,1239,1166,1179,1215,1020,1025,1026,1326,1144,1124,1190,1016,1060,1005,1357,1157,1046,1107,929,1151,1394,1954,1785,1587,1612,1626,1680,1534,1732,1607,1464,1541,1375,1778,1482,1690,1446,1333,1396,1273,1325,1476,1802,1626,1408,1516,1450,1549,1429,1761,1496,1311,1358,1289,1368,1492,1675,1620,1403,1532,1341,1804,1842,1857,1588,1485,1514,1336,1634,1701,2019,1607,1471,1476,1328,1471,1474,1602,1537,1452,1574,1526,1501,1413,1499,1549,1409,1490,1279,1374,1397,1730,1606,1399,1501
